30147
32257
48857
35121
36699
44391
41484
32264
32258
40649
26466
34933
42070
35778
21995
23603
32292
44025
08034
35791
48725
20033
44041
32262
31250
21983
33481
22545
34891
23460
20863
07279
03830
21970
37591
21693
44007
49073
29851
43686
19721
34104
43684
23997
34924
44508
21950
30746
27891
22203
32254
32825
32299
21548
44044
38789
39757
33560
43136
33387
34910
40640
27952
27058
22610
20825
44016
32129
34529
23970
22267
44751
22507
34114
49088
33569
35753
38830
21677
43783
44535
32288
32274
43140
20337
43482
28784
20022
21505
43681
32298
20892
38925
08857
40871
44005
28141
40864
32268
10672 
